{
  "cells": [
    {
      "cell_type": "code",
      "execution_count": null,
      "metadata": {
        "id": "1MDrSbG0F2aM"
      },
      "outputs": [],
      "source": [
        "import random\n",
        "import math\n",
        "from datetime import datetime\n",
        "import csv\n",
        "import numpy as np"
      ]
    },
    {
      "cell_type": "code",
      "execution_count": null,
      "metadata": {
        "id": "tyu-K0ZUF2aN"
      },
      "outputs": [],
      "source": [
        "def lat_lon_to_cartesian(lat, lon):\n",
        "    # Define constants for the projection\n",
        "        earth_radius = 6378137.0  # Earth's radius in meters\n",
        "        origin_shift = 2 * math.pi * earth_radius / 2.0\n",
        "\n",
        "        # Convert latitude and longitude to radians\n",
        "        lat_rad = math.radians(lat)\n",
        "        lon_rad = math.radians(lon)\n",
        "\n",
        "        # Convert from latitude/longitude to meters\n",
        "        x = lon_rad * earth_radius\n",
        "        y = math.log(math.tan((math.pi / 4) + (lat_rad / 2))) * earth_radius\n",
        "\n",
        "        return x, y"
      ]
    },
    {
      "cell_type": "code",
      "execution_count": null,
      "metadata": {
        "id": "gYJKOgBvF2aO"
      },
      "outputs": [],
      "source": [
        "def cartesian_to_lat_lon(x, y):\n",
        "    # Define constants for the projection\n",
        "        earth_radius = 6378137.0  # Earth's radius in meters\n",
        "        origin_shift = 2 * math.pi * earth_radius / 2.0\n",
        "\n",
        "        # Convert from meters to latitude/longitude\n",
        "        lon = (x / origin_shift) * 180.0\n",
        "        lat = (y / origin_shift) * 180.0\n",
        "\n",
        "        # Adjust latitude for the Mercator projection\n",
        "        lat = 180.0 / math.pi * (2.0 * math.atan(math.exp(lat * math.pi / 180.0)) - math.pi / 2.0)\n",
        "\n",
        "        return lat, lon"
      ]
    },
    {
      "cell_type": "code",
      "execution_count": null,
      "metadata": {
        "id": "mpU5VrkmF2aR"
      },
      "outputs": [],
      "source": [
        "def dead_reckoning(x0, y0, z0, yaw, pitch, roll, vx, vy, vz, delta_t):\n",
        "\n",
        "        \"\"\"\n",
        "        Estimate new position using dead reckoning with yaw, pitch, roll, and velocities.\n",
        "\n",
        "        :param initial_position: tuple (x, y, z) representing initial position in meters\n",
        "        :param velocities: tuple (vx, vy, vz) representing velocities in meters per second\n",
        "        :param orientation: tuple (yaw, pitch, roll) in radians\n",
        "        :param time_interval: time interval in seconds\n",
        "        :return: tuple (new_x, new_y, new_z) representing the new position\n",
        "        \"\"\"\n",
        "        global earth_position,position\n",
        "        # Extract velocities\n",
        "        yaw = yaw\n",
        "        pitch = pitch\n",
        "        roll = roll\n",
        "\n",
        "        # Calculate the rotation matrix\n",
        "        R_yaw = np.array([\n",
        "            [math.cos(yaw), -math.sin(yaw), 0],\n",
        "            [math.sin(yaw), math.cos(yaw), 0],\n",
        "            [0, 0, 1]\n",
        "        ])\n",
        "\n",
        "\n",
        "        R_pitch = np.array([\n",
        "            [math.cos(pitch), 0, math.sin(pitch)],\n",
        "            [0, 1, 0],\n",
        "            [-math.sin(pitch), 0, math.cos(pitch)]\n",
        "        ])\n",
        "\n",
        "        R_roll = np.array([\n",
        "            [1, 0, 0],\n",
        "            [0, math.cos(roll), -math.sin(roll)],\n",
        "            [0, math.sin(roll), math.cos(roll)]\n",
        "        ])\n",
        "\n",
        "        # Combined rotation matrix\n",
        "        R = R_yaw @ R_pitch @ R_roll\n",
        "        print(R)\n",
        "\n",
        "        # Velocity vector\n",
        "        velocity = np.array([vx, vy, vz])\n",
        "\n",
        "        # Rotate the velocity vector\n",
        "        rotated_velocity = R @ velocity\n",
        "\n",
        "        # Calculate the change in position\n",
        "        delta_position = rotated_velocity * delta_t\n",
        "\n",
        "        # Update the location\n",
        "        x_new = x0 + delta_position[0]\n",
        "        y_new = y0 + delta_position[1]\n",
        "        z_new = z0 + delta_position[2]\n",
        "\n",
        "    #return x_new, y_new, z_new\n",
        "        lat=float(round(earth_position[0],15))\n",
        "        lon=float(round(earth_position[1],15))\n",
        "        alt=float(round(earth_position[2],15))\n",
        "        x,y=lat_lon_to_cartesian(lat,lon)\n",
        "        new_x=round(x+delta_position[1],15)\n",
        "        new_y=round(y+delta_position[0],15)\n",
        "        new_z=delta_position[2]\n",
        "        new_lat, new_lon=cartesian_to_lat_lon(new_x, new_y)\n",
        "        position=(x_new,y_new,z_new)\n",
        "        earth_position=(round(new_lat,15),round(new_lon,15),new_z)"
      ]
    },
    {
      "cell_type": "code",
      "execution_count": null,
      "metadata": {
        "collapsed": true,
        "id": "DvPMBnYwF2aR",
        "colab": {
          "base_uri": "https://localhost:8080/"
        },
        "outputId": "ea83af48-8c91-4440-da3b-3a01155bdc46"
      },
      "outputs": [
        {
          "output_type": "stream",
          "name": "stdout",
          "text": [
            "[[ 0.99956012 -0.02965765  0.        ]\n",
            " [ 0.02965765  0.99956012  0.        ]\n",
            " [ 0.          0.          1.        ]]\n",
            "[[ 0.99923041 -0.03922495  0.        ]\n",
            " [ 0.03922495  0.99923041  0.        ]\n",
            " [ 0.          0.          1.        ]]\n",
            "[[ 0.99880912 -0.04878865  0.        ]\n",
            " [ 0.04878865  0.99880912  0.        ]\n",
            " [ 0.          0.          1.        ]]\n",
            "[[ 0.99829631 -0.05834788  0.        ]\n",
            " [ 0.05834788  0.99829631  0.        ]\n",
            " [ 0.          0.          1.        ]]\n",
            "[[ 0.99769201 -0.06790176  0.        ]\n",
            " [ 0.06790176  0.99769201  0.        ]\n",
            " [ 0.          0.          1.        ]]\n",
            "[[ 0.99699628 -0.07744942  0.        ]\n",
            " [ 0.07744942  0.99699628  0.        ]\n",
            " [ 0.          0.          1.        ]]\n",
            "[[ 0.99620919 -0.08698998  0.        ]\n",
            " [ 0.08698998  0.99620919  0.        ]\n",
            " [ 0.          0.          1.        ]]\n",
            "[[ 0.9953308  -0.09652257  0.        ]\n",
            " [ 0.09652257  0.9953308   0.        ]\n",
            " [ 0.          0.          1.        ]]\n",
            "[[ 0.99436119 -0.10604632  0.        ]\n",
            " [ 0.10604632  0.99436119  0.        ]\n",
            " [ 0.          0.          1.        ]]\n",
            "[[ 0.99330046 -0.11556034  0.        ]\n",
            " [ 0.11556034  0.99330046  0.        ]\n",
            " [ 0.          0.          1.        ]]\n",
            "[[ 0.9921487  -0.12506378  0.        ]\n",
            " [ 0.12506378  0.9921487   0.        ]\n",
            " [ 0.          0.          1.        ]]\n",
            "[[ 0.99090602 -0.13455575  0.        ]\n",
            " [ 0.13455575  0.99090602  0.        ]\n",
            " [ 0.          0.          1.        ]]\n",
            "[[ 0.98957254 -0.1440354   0.        ]\n",
            " [ 0.1440354   0.98957254  0.        ]\n",
            " [ 0.          0.          1.        ]]\n",
            "[[ 0.98814836 -0.15350184  0.        ]\n",
            " [ 0.15350184  0.98814836  0.        ]\n",
            " [ 0.          0.          1.        ]]\n",
            "[[ 0.98663363 -0.16295422  0.        ]\n",
            " [ 0.16295422  0.98663363  0.        ]\n",
            " [ 0.          0.          1.        ]]\n",
            "[[ 0.98502848 -0.17239166  0.        ]\n",
            " [ 0.17239166  0.98502848  0.        ]\n",
            " [ 0.          0.          1.        ]]\n",
            "[[ 0.98333307 -0.18181331  0.        ]\n",
            " [ 0.18181331  0.98333307  0.        ]\n",
            " [ 0.          0.          1.        ]]\n",
            "[[ 0.98154754 -0.19121829  0.        ]\n",
            " [ 0.19121829  0.98154754  0.        ]\n",
            " [ 0.          0.          1.        ]]\n",
            "[[ 0.97967205 -0.20060575  0.        ]\n",
            " [ 0.20060575  0.97967205  0.        ]\n",
            " [ 0.          0.          1.        ]]\n",
            "[[ 0.97770679 -0.20997483  0.        ]\n",
            " [ 0.20997483  0.97770679  0.        ]\n",
            " [ 0.          0.          1.        ]]\n",
            "[[ 0.97565193 -0.21932466  0.        ]\n",
            " [ 0.21932466  0.97565193  0.        ]\n",
            " [ 0.          0.          1.        ]]\n",
            "[[ 0.97350766 -0.2286544   0.        ]\n",
            " [ 0.2286544   0.97350766  0.        ]\n",
            " [ 0.          0.          1.        ]]\n",
            "[[ 0.97127418 -0.23796318  0.        ]\n",
            " [ 0.23796318  0.97127418  0.        ]\n",
            " [ 0.          0.          1.        ]]\n",
            "[[ 0.96895168 -0.24725015  0.        ]\n",
            " [ 0.24725015  0.96895168  0.        ]\n",
            " [ 0.          0.          1.        ]]\n",
            "[[ 0.96654039 -0.25651447  0.        ]\n",
            " [ 0.25651447  0.96654039  0.        ]\n",
            " [ 0.          0.          1.        ]]\n",
            "[[ 0.96404053 -0.26575527  0.        ]\n",
            " [ 0.26575527  0.96404053  0.        ]\n",
            " [ 0.          0.          1.        ]]\n",
            "[[ 0.96145231 -0.27497173  0.        ]\n",
            " [ 0.27497173  0.96145231  0.        ]\n",
            " [ 0.          0.          1.        ]]\n",
            "[[ 0.95877599 -0.28416298  0.        ]\n",
            " [ 0.28416298  0.95877599  0.        ]\n",
            " [ 0.          0.          1.        ]]\n",
            "[[ 0.9560118  -0.29332819  0.        ]\n",
            " [ 0.29332819  0.9560118   0.        ]\n",
            " [ 0.          0.          1.        ]]\n",
            "[[ 0.95316001 -0.30246653  0.        ]\n",
            " [ 0.30246653  0.95316001  0.        ]\n",
            " [ 0.          0.          1.        ]]\n",
            "[[ 0.95022086 -0.31157714  0.        ]\n",
            " [ 0.31157714  0.95022086  0.        ]\n",
            " [ 0.          0.          1.        ]]\n",
            "[[ 0.94719464 -0.3206592   0.        ]\n",
            " [ 0.3206592   0.94719464  0.        ]\n",
            " [ 0.          0.          1.        ]]\n",
            "[[ 0.94408161 -0.32971187  0.        ]\n",
            " [ 0.32971187  0.94408161  0.        ]\n",
            " [ 0.          0.          1.        ]]\n",
            "[[ 0.94088206 -0.33873433  0.        ]\n",
            " [ 0.33873433  0.94088206  0.        ]\n",
            " [ 0.          0.          1.        ]]\n",
            "[[ 0.93759629 -0.34772575  0.        ]\n",
            " [ 0.34772575  0.93759629  0.        ]\n",
            " [ 0.          0.          1.        ]]\n",
            "[[ 0.9342246 -0.3566853  0.       ]\n",
            " [ 0.3566853  0.9342246  0.       ]\n",
            " [ 0.         0.         1.       ]]\n",
            "[[ 0.93076729 -0.36561216  0.        ]\n",
            " [ 0.36561216  0.93076729  0.        ]\n",
            " [ 0.          0.          1.        ]]\n",
            "[[ 0.92722469 -0.37450552  0.        ]\n",
            " [ 0.37450552  0.92722469  0.        ]\n",
            " [ 0.          0.          1.        ]]\n",
            "[[ 0.92359711 -0.38336455  0.        ]\n",
            " [ 0.38336455  0.92359711  0.        ]\n",
            " [ 0.          0.          1.        ]]\n",
            "[[ 0.91988489 -0.39218846  0.        ]\n",
            " [ 0.39218846  0.91988489  0.        ]\n",
            " [ 0.          0.          1.        ]]\n",
            "[[ 0.91608837 -0.40097642  0.        ]\n",
            " [ 0.40097642  0.91608837  0.        ]\n",
            " [ 0.          0.          1.        ]]\n",
            "[[ 0.91220791 -0.40972764  0.        ]\n",
            " [ 0.40972764  0.91220791  0.        ]\n",
            " [ 0.          0.          1.        ]]\n",
            "[[ 0.90824384 -0.41844131  0.        ]\n",
            " [ 0.41844131  0.90824384  0.        ]\n",
            " [ 0.          0.          1.        ]]\n",
            "[[ 0.90419654 -0.42711663  0.        ]\n",
            " [ 0.42711663  0.90419654  0.        ]\n",
            " [ 0.          0.          1.        ]]\n",
            "[[ 0.90006638 -0.43575281  0.        ]\n",
            " [ 0.43575281  0.90006638  0.        ]\n",
            " [ 0.          0.          1.        ]]\n",
            "[[ 0.89585374 -0.44434906  0.        ]\n",
            " [ 0.44434906  0.89585374  0.        ]\n",
            " [ 0.          0.          1.        ]]\n",
            "[[ 0.89155899 -0.45290458  0.        ]\n",
            " [ 0.45290458  0.89155899  0.        ]\n",
            " [ 0.          0.          1.        ]]\n",
            "[[ 0.88718255 -0.46141861  0.        ]\n",
            " [ 0.46141861  0.88718255  0.        ]\n",
            " [ 0.          0.          1.        ]]\n",
            "[[ 0.8827248  -0.46989034  0.        ]\n",
            " [ 0.46989034  0.8827248   0.        ]\n",
            " [ 0.          0.          1.        ]]\n",
            "[[ 0.87818615 -0.47831902  0.        ]\n",
            " [ 0.47831902  0.87818615  0.        ]\n",
            " [ 0.          0.          1.        ]]\n",
            "[[ 0.87356703 -0.48670386  0.        ]\n",
            " [ 0.48670386  0.87356703  0.        ]\n",
            " [ 0.          0.          1.        ]]\n",
            "[[ 0.86886785 -0.4950441   0.        ]\n",
            " [ 0.4950441   0.86886785  0.        ]\n",
            " [ 0.          0.          1.        ]]\n",
            "[[ 0.86408905 -0.50333897  0.        ]\n",
            " [ 0.50333897  0.86408905  0.        ]\n",
            " [ 0.          0.          1.        ]]\n",
            "[[ 0.85923106 -0.51158771  0.        ]\n",
            " [ 0.51158771  0.85923106  0.        ]\n",
            " [ 0.          0.          1.        ]]\n",
            "[[ 0.85429433 -0.51978957  0.        ]\n",
            " [ 0.51978957  0.85429433  0.        ]\n",
            " [ 0.          0.          1.        ]]\n",
            "[[ 0.84927931 -0.5279438   0.        ]\n",
            " [ 0.5279438   0.84927931  0.        ]\n",
            " [ 0.          0.          1.        ]]\n",
            "[[ 0.84418646 -0.53604965  0.        ]\n",
            " [ 0.53604965  0.84418646  0.        ]\n",
            " [ 0.          0.          1.        ]]\n",
            "[[ 0.83901625 -0.54410637  0.        ]\n",
            " [ 0.54410637  0.83901625  0.        ]\n",
            " [ 0.          0.          1.        ]]\n",
            "[[ 0.83376914 -0.55211322  0.        ]\n",
            " [ 0.55211322  0.83376914  0.        ]\n",
            " [ 0.          0.          1.        ]]\n",
            "[[ 0.82844564 -0.56006949  0.        ]\n",
            " [ 0.56006949  0.82844564  0.        ]\n",
            " [ 0.          0.          1.        ]]\n",
            "[[ 0.82304621 -0.56797442  0.        ]\n",
            " [ 0.56797442  0.82304621  0.        ]\n",
            " [ 0.          0.          1.        ]]\n",
            "[[ 0.81757135 -0.57582731  0.        ]\n",
            " [ 0.57582731  0.81757135  0.        ]\n",
            " [ 0.          0.          1.        ]]\n",
            "[[ 0.81202157 -0.58362742  0.        ]\n",
            " [ 0.58362742  0.81202157  0.        ]\n",
            " [ 0.          0.          1.        ]]\n",
            "[[ 0.80639738 -0.59137405  0.        ]\n",
            " [ 0.59137405  0.80639738  0.        ]\n",
            " [ 0.          0.          1.        ]]\n",
            "[[ 0.80069928 -0.59906649  0.        ]\n",
            " [ 0.59906649  0.80069928  0.        ]\n",
            " [ 0.          0.          1.        ]]\n",
            "[[ 0.79492781 -0.60670403  0.        ]\n",
            " [ 0.60670403  0.79492781  0.        ]\n",
            " [ 0.          0.          1.        ]]\n",
            "[[ 0.78908349 -0.61428596  0.        ]\n",
            " [ 0.61428596  0.78908349  0.        ]\n",
            " [ 0.          0.          1.        ]]\n",
            "[[ 0.78316686 -0.62181161  0.        ]\n",
            " [ 0.62181161  0.78316686  0.        ]\n",
            " [ 0.          0.          1.        ]]\n",
            "[[ 0.77717845 -0.62928026  0.        ]\n",
            " [ 0.62928026  0.77717845  0.        ]\n",
            " [ 0.          0.          1.        ]]\n",
            "[[ 0.77111883 -0.63669125  0.        ]\n",
            " [ 0.63669125  0.77111883  0.        ]\n",
            " [ 0.          0.          1.        ]]\n",
            "[[ 0.76498853 -0.6440439   0.        ]\n",
            " [ 0.6440439   0.76498853  0.        ]\n",
            " [ 0.          0.          1.        ]]\n",
            "[[ 0.75878814 -0.65133752  0.        ]\n",
            " [ 0.65133752  0.75878814  0.        ]\n",
            " [ 0.          0.          1.        ]]\n",
            "[[ 0.7525182  -0.65857145  0.        ]\n",
            " [ 0.65857145  0.7525182   0.        ]\n",
            " [ 0.          0.          1.        ]]\n",
            "[[ 0.74617931 -0.66574503  0.        ]\n",
            " [ 0.66574503  0.74617931  0.        ]\n",
            " [ 0.          0.          1.        ]]\n",
            "[[ 0.73977203 -0.6728576   0.        ]\n",
            " [ 0.6728576   0.73977203  0.        ]\n",
            " [ 0.          0.          1.        ]]\n",
            "[[ 0.73329696 -0.6799085   0.        ]\n",
            " [ 0.6799085   0.73329696  0.        ]\n",
            " [ 0.          0.          1.        ]]\n",
            "[[ 0.72675468 -0.6868971   0.        ]\n",
            " [ 0.6868971   0.72675468  0.        ]\n",
            " [ 0.          0.          1.        ]]\n",
            "[[ 0.72014581 -0.69382275  0.        ]\n",
            " [ 0.69382275  0.72014581  0.        ]\n",
            " [ 0.          0.          1.        ]]\n",
            "[[ 0.71347094 -0.70068482  0.        ]\n",
            " [ 0.70068482  0.71347094  0.        ]\n",
            " [ 0.          0.          1.        ]]\n",
            "[[ 0.70673069 -0.70748268  0.        ]\n",
            " [ 0.70748268  0.70673069  0.        ]\n",
            " [ 0.          0.          1.        ]]\n",
            "[[ 0.69992567 -0.7142157   0.        ]\n",
            " [ 0.7142157   0.69992567  0.        ]\n",
            " [ 0.          0.          1.        ]]\n",
            "[[ 0.6930565  -0.72088326  0.        ]\n",
            " [ 0.72088326  0.6930565   0.        ]\n",
            " [ 0.          0.          1.        ]]\n",
            "[[ 0.68612383 -0.72748477  0.        ]\n",
            " [ 0.72748477  0.68612383  0.        ]\n",
            " [ 0.          0.          1.        ]]\n",
            "[[ 0.67912828 -0.73401961  0.        ]\n",
            " [ 0.73401961  0.67912828  0.        ]\n",
            " [ 0.          0.          1.        ]]\n",
            "[[ 0.67207049 -0.74048718  0.        ]\n",
            " [ 0.74048718  0.67207049  0.        ]\n",
            " [ 0.          0.          1.        ]]\n",
            "[[ 0.66495111 -0.74688689  0.        ]\n",
            " [ 0.74688689  0.66495111  0.        ]\n",
            " [ 0.          0.          1.        ]]\n",
            "[[ 0.65777079 -0.75321815  0.        ]\n",
            " [ 0.75321815  0.65777079  0.        ]\n",
            " [ 0.          0.          1.        ]]\n",
            "[[ 0.6505302  -0.75948039  0.        ]\n",
            " [ 0.75948039  0.6505302   0.        ]\n",
            " [ 0.          0.          1.        ]]\n",
            "[[ 0.64322999 -0.76567303  0.        ]\n",
            " [ 0.76567303  0.64322999  0.        ]\n",
            " [ 0.          0.          1.        ]]\n",
            "[[ 0.63587083 -0.7717955   0.        ]\n",
            " [ 0.7717955   0.63587083  0.        ]\n",
            " [ 0.          0.          1.        ]]\n",
            "[[ 0.6284534  -0.77784724  0.        ]\n",
            " [ 0.77784724  0.6284534   0.        ]\n",
            " [ 0.          0.          1.        ]]\n",
            "[[ 0.62097838 -0.7838277   0.        ]\n",
            " [ 0.7838277   0.62097838  0.        ]\n",
            " [ 0.          0.          1.        ]]\n",
            "[[ 0.61344644 -0.78973632  0.        ]\n",
            " [ 0.78973632  0.61344644  0.        ]\n",
            " [ 0.          0.          1.        ]]\n",
            "[[ 0.6058583  -0.79557258  0.        ]\n",
            " [ 0.79557258  0.6058583   0.        ]\n",
            " [ 0.          0.          1.        ]]\n",
            "[[ 0.59821463 -0.80133592  0.        ]\n",
            " [ 0.80133592  0.59821463  0.        ]\n",
            " [ 0.          0.          1.        ]]\n",
            "[[ 0.59051614 -0.80702583  0.        ]\n",
            " [ 0.80702583  0.59051614  0.        ]\n",
            " [ 0.          0.          1.        ]]\n",
            "[[ 0.58276353 -0.81264179  0.        ]\n",
            " [ 0.81264179  0.58276353  0.        ]\n",
            " [ 0.          0.          1.        ]]\n",
            "[[ 0.57495751 -0.81818327  0.        ]\n",
            " [ 0.81818327  0.57495751  0.        ]\n",
            " [ 0.          0.          1.        ]]\n",
            "[[ 0.56709881 -0.82364977  0.        ]\n",
            " [ 0.82364977  0.56709881  0.        ]\n",
            " [ 0.          0.          1.        ]]\n",
            "[[ 0.55918814 -0.82904079  0.        ]\n",
            " [ 0.82904079  0.55918814  0.        ]\n",
            " [ 0.          0.          1.        ]]\n",
            "[[ 0.55122622 -0.83435583  0.        ]\n",
            " [ 0.83435583  0.55122622  0.        ]\n",
            " [ 0.          0.          1.        ]]\n",
            "[[ 0.54321379 -0.83959442  0.        ]\n",
            " [ 0.83959442  0.54321379  0.        ]\n",
            " [ 0.          0.          1.        ]]\n",
            "[[ 0.53515157 -0.84475606  0.        ]\n",
            " [ 0.84475606  0.53515157  0.        ]\n",
            " [ 0.          0.          1.        ]]\n",
            "[[ 0.52704031 -0.84984028  0.        ]\n",
            " [ 0.84984028  0.52704031  0.        ]\n",
            " [ 0.          0.          1.        ]]\n",
            "[[ 0.51888076 -0.85484663  0.        ]\n",
            " [ 0.85484663  0.51888076  0.        ]\n",
            " [ 0.          0.          1.        ]]\n",
            "[[ 0.51067365 -0.85977463  0.        ]\n",
            " [ 0.85977463  0.51067365  0.        ]\n",
            " [ 0.          0.          1.        ]]\n",
            "[[ 0.50241975 -0.86462385  0.        ]\n",
            " [ 0.86462385  0.50241975  0.        ]\n",
            " [ 0.          0.          1.        ]]\n",
            "[[ 0.4941198  -0.86939383  0.        ]\n",
            " [ 0.86939383  0.4941198   0.        ]\n",
            " [ 0.          0.          1.        ]]\n",
            "[[ 0.48577457 -0.87408413  0.        ]\n",
            " [ 0.87408413  0.48577457  0.        ]\n",
            " [ 0.          0.          1.        ]]\n",
            "[[ 0.47738482 -0.87869434  0.        ]\n",
            " [ 0.87869434  0.47738482  0.        ]\n",
            " [ 0.          0.          1.        ]]\n",
            "[[ 0.46895132 -0.88322401  0.        ]\n",
            " [ 0.88322401  0.46895132  0.        ]\n",
            " [ 0.          0.          1.        ]]\n",
            "[[ 0.46047485 -0.88767275  0.        ]\n",
            " [ 0.88767275  0.46047485  0.        ]\n",
            " [ 0.          0.          1.        ]]\n",
            "[[ 0.45195618 -0.89204014  0.        ]\n",
            " [ 0.89204014  0.45195618  0.        ]\n",
            " [ 0.          0.          1.        ]]\n",
            "[[ 0.44339609 -0.89632578  0.        ]\n",
            " [ 0.89632578  0.44339609  0.        ]\n",
            " [ 0.          0.          1.        ]]\n",
            "[[ 0.43479537 -0.90052928  0.        ]\n",
            " [ 0.90052928  0.43479537  0.        ]\n",
            " [ 0.          0.          1.        ]]\n",
            "[[ 0.4261548  -0.90465026  0.        ]\n",
            " [ 0.90465026  0.4261548   0.        ]\n",
            " [ 0.          0.          1.        ]]\n",
            "[[ 0.41747518 -0.90868833  0.        ]\n",
            " [ 0.90868833  0.41747518  0.        ]\n",
            " [ 0.          0.          1.        ]]\n",
            "[[ 0.4087573  -0.91264312  0.        ]\n",
            " [ 0.91264312  0.4087573   0.        ]\n",
            " [ 0.          0.          1.        ]]\n",
            "[[ 0.40000196 -0.91651428  0.        ]\n",
            " [ 0.91651428  0.40000196  0.        ]\n",
            " [ 0.          0.          1.        ]]\n",
            "[[ 0.39120996 -0.92030145  0.        ]\n",
            " [ 0.92030145  0.39120996  0.        ]\n",
            " [ 0.          0.          1.        ]]\n",
            "[[ 0.38238211 -0.92400429  0.        ]\n",
            " [ 0.92400429  0.38238211  0.        ]\n",
            " [ 0.          0.          1.        ]]\n",
            "[[ 0.37351922 -0.92762244  0.        ]\n",
            " [ 0.92762244  0.37351922  0.        ]\n",
            " [ 0.          0.          1.        ]]\n",
            "[[ 0.3646221  -0.93115558  0.        ]\n",
            " [ 0.93115558  0.3646221   0.        ]\n",
            " [ 0.          0.          1.        ]]\n",
            "[[ 0.35569157 -0.9346034   0.        ]\n",
            " [ 0.9346034   0.35569157  0.        ]\n",
            " [ 0.          0.          1.        ]]\n",
            "[[ 0.34672844 -0.93796556  0.        ]\n",
            " [ 0.93796556  0.34672844  0.        ]\n",
            " [ 0.          0.          1.        ]]\n",
            "[[ 0.33773353 -0.94124176  0.        ]\n",
            " [ 0.94124176  0.33773353  0.        ]\n",
            " [ 0.          0.          1.        ]]\n",
            "[[ 0.32870768 -0.94443171  0.        ]\n",
            " [ 0.94443171  0.32870768  0.        ]\n",
            " [ 0.          0.          1.        ]]\n",
            "[[ 0.3196517  -0.94753511  0.        ]\n",
            " [ 0.94753511  0.3196517   0.        ]\n",
            " [ 0.          0.          1.        ]]\n",
            "[[ 0.31056643 -0.95055168  0.        ]\n",
            " [ 0.95055168  0.31056643  0.        ]\n",
            " [ 0.          0.          1.        ]]\n",
            "[[ 0.30145269 -0.95348113  0.        ]\n",
            " [ 0.95348113  0.30145269  0.        ]\n",
            " [ 0.          0.          1.        ]]\n",
            "[[ 0.29231133 -0.95632321  0.        ]\n",
            " [ 0.95632321  0.29231133  0.        ]\n",
            " [ 0.          0.          1.        ]]\n",
            "[[ 0.28314319 -0.95907765  0.        ]\n",
            " [ 0.95907765  0.28314319  0.        ]\n",
            " [ 0.          0.          1.        ]]\n",
            "[[ 0.27394909 -0.96174419  0.        ]\n",
            " [ 0.96174419  0.27394909  0.        ]\n",
            " [ 0.          0.          1.        ]]\n",
            "[[ 0.26472989 -0.9643226   0.        ]\n",
            " [ 0.9643226   0.26472989  0.        ]\n",
            " [ 0.          0.          1.        ]]\n",
            "[[ 0.25548643 -0.96681264  0.        ]\n",
            " [ 0.96681264  0.25548643  0.        ]\n",
            " [ 0.          0.          1.        ]]\n",
            "[[ 0.24621956 -0.96921408  0.        ]\n",
            " [ 0.96921408  0.24621956  0.        ]\n",
            " [ 0.          0.          1.        ]]\n",
            "[[ 0.23693012 -0.97152669  0.        ]\n",
            " [ 0.97152669  0.23693012  0.        ]\n",
            " [ 0.          0.          1.        ]]\n",
            "[[ 0.22761897 -0.97375028  0.        ]\n",
            " [ 0.97375028  0.22761897  0.        ]\n",
            " [ 0.          0.          1.        ]]\n",
            "[[ 0.21828696 -0.97588463  0.        ]\n",
            " [ 0.97588463  0.21828696  0.        ]\n",
            " [ 0.          0.          1.        ]]\n",
            "[[ 0.20893495 -0.97792954  0.        ]\n",
            " [ 0.97792954  0.20893495  0.        ]\n",
            " [ 0.          0.          1.        ]]\n",
            "[[ 0.19956378 -0.97988484  0.        ]\n",
            " [ 0.97988484  0.19956378  0.        ]\n",
            " [ 0.          0.          1.        ]]\n",
            "[[ 0.19017433 -0.98175034  0.        ]\n",
            " [ 0.98175034  0.19017433  0.        ]\n",
            " [ 0.          0.          1.        ]]\n",
            "[[ 0.18076746 -0.98352586  0.        ]\n",
            " [ 0.98352586  0.18076746  0.        ]\n",
            " [ 0.          0.          1.        ]]\n",
            "[[ 0.17134401 -0.98521126  0.        ]\n",
            " [ 0.98521126  0.17134401  0.        ]\n",
            " [ 0.          0.          1.        ]]\n",
            "[[ 0.16190487 -0.98680637  0.        ]\n",
            " [ 0.98680637  0.16190487  0.        ]\n",
            " [ 0.          0.          1.        ]]\n",
            "[[ 0.15245088 -0.98831105  0.        ]\n",
            " [ 0.98831105  0.15245088  0.        ]\n",
            " [ 0.          0.          1.        ]]\n",
            "[[ 0.14298293 -0.98972515  0.        ]\n",
            " [ 0.98972515  0.14298293  0.        ]\n",
            " [ 0.          0.          1.        ]]\n",
            "[[ 0.13350187 -0.99104856  0.        ]\n",
            " [ 0.99104856  0.13350187  0.        ]\n",
            " [ 0.          0.          1.        ]]\n",
            "[[ 0.12400858 -0.99228115  0.        ]\n",
            " [ 0.99228115  0.12400858  0.        ]\n",
            " [ 0.          0.          1.        ]]\n",
            "[[ 0.11450393 -0.9934228   0.        ]\n",
            " [ 0.9934228   0.11450393  0.        ]\n",
            " [ 0.          0.          1.        ]]\n",
            "[[ 0.10498878 -0.99447341  0.        ]\n",
            " [ 0.99447341  0.10498878  0.        ]\n",
            " [ 0.          0.          1.        ]]\n",
            "[[ 0.09546401 -0.99543288  0.        ]\n",
            " [ 0.99543288  0.09546401  0.        ]\n",
            " [ 0.          0.          1.        ]]\n",
            "[[ 0.08593049 -0.99630113  0.        ]\n",
            " [ 0.99630113  0.08593049  0.        ]\n",
            " [ 0.          0.          1.        ]]\n",
            "[[ 0.07638909 -0.99707808  0.        ]\n",
            " [ 0.99707808  0.07638909  0.        ]\n",
            " [ 0.          0.          1.        ]]\n",
            "[[ 0.0668407  -0.99776366  0.        ]\n",
            " [ 0.99776366  0.0668407   0.        ]\n",
            " [ 0.          0.          1.        ]]\n",
            "[[ 0.05728618 -0.9983578   0.        ]\n",
            " [ 0.9983578   0.05728618  0.        ]\n",
            " [ 0.          0.          1.        ]]\n",
            "[[ 0.04772641 -0.99886045  0.        ]\n",
            " [ 0.99886045  0.04772641  0.        ]\n",
            " [ 0.          0.          1.        ]]\n",
            "[[ 0.03816227 -0.99927156  0.        ]\n",
            " [ 0.99927156  0.03816227  0.        ]\n",
            " [ 0.          0.          1.        ]]\n",
            "[[ 0.02859463 -0.99959109  0.        ]\n",
            " [ 0.99959109  0.02859463  0.        ]\n",
            " [ 0.          0.          1.        ]]\n",
            "[[ 0.01902437 -0.99981902  0.        ]\n",
            " [ 0.99981902  0.01902437  0.        ]\n",
            " [ 0.          0.          1.        ]]\n",
            "[[ 0.00945236 -0.99995533  0.        ]\n",
            " [ 0.99995533  0.00945236  0.        ]\n",
            " [ 0.          0.          1.        ]]\n",
            "[[-1.20509263e-04 -9.99999993e-01  0.00000000e+00]\n",
            " [ 9.99999993e-01 -1.20509263e-04  0.00000000e+00]\n",
            " [ 0.00000000e+00  0.00000000e+00  1.00000000e+00]]\n",
            "[[-0.00969337 -0.99995302  0.        ]\n",
            " [ 0.99995302 -0.00969337  0.        ]\n",
            " [ 0.          0.          1.        ]]\n",
            "[[-0.01926534 -0.99981441  0.        ]\n",
            " [ 0.99981441 -0.01926534  0.        ]\n",
            " [ 0.          0.          1.        ]]\n",
            "[[-0.02883555 -0.99958417  0.        ]\n",
            " [ 0.99958417 -0.02883555  0.        ]\n",
            " [ 0.          0.          1.        ]]\n",
            "[[-0.03840311 -0.99926233  0.        ]\n",
            " [ 0.99926233 -0.03840311  0.        ]\n",
            " [ 0.          0.          1.        ]]\n",
            "[[-0.04796715 -0.99884891  0.        ]\n",
            " [ 0.99884891 -0.04796715  0.        ]\n",
            " [ 0.          0.          1.        ]]\n",
            "[[-0.0575268  -0.99834396  0.        ]\n",
            " [ 0.99834396 -0.0575268   0.        ]\n",
            " [ 0.          0.          1.        ]]\n",
            "[[-0.06708118 -0.99774752  0.        ]\n",
            " [ 0.99774752 -0.06708118  0.        ]\n",
            " [ 0.          0.          1.        ]]\n",
            "[[-0.07662941 -0.99705964  0.        ]\n",
            " [ 0.99705964 -0.07662941  0.        ]\n",
            " [ 0.          0.          1.        ]]\n",
            "[[-0.08617061 -0.9962804   0.        ]\n",
            " [ 0.9962804  -0.08617061  0.        ]\n",
            " [ 0.          0.          1.        ]]\n",
            "[[-0.09570392 -0.99540984  0.        ]\n",
            " [ 0.99540984 -0.09570392  0.        ]\n",
            " [ 0.          0.          1.        ]]\n",
            "[[-0.10522846 -0.99444807  0.        ]\n",
            " [ 0.99444807 -0.10522846  0.        ]\n",
            " [ 0.          0.          1.        ]]\n",
            "[[-0.11474336 -0.99339517  0.        ]\n",
            " [ 0.99339517 -0.11474336  0.        ]\n",
            " [ 0.          0.          1.        ]]\n",
            "[[-0.12424774 -0.99225123  0.        ]\n",
            " [ 0.99225123 -0.12424774  0.        ]\n",
            " [ 0.          0.          1.        ]]\n",
            "[[-0.13374073 -0.99101636  0.        ]\n",
            " [ 0.99101636 -0.13374073  0.        ]\n",
            " [ 0.          0.          1.        ]]\n",
            "[[-0.14322147 -0.98969066  0.        ]\n",
            " [ 0.98969066 -0.14322147  0.        ]\n",
            " [ 0.          0.          1.        ]]\n",
            "[[-0.15268908 -0.98827428  0.        ]\n",
            " [ 0.98827428 -0.15268908  0.        ]\n",
            " [ 0.          0.          1.        ]]\n",
            "[[-0.1621427  -0.98676732  0.        ]\n",
            " [ 0.98676732 -0.1621427   0.        ]\n",
            " [ 0.          0.          1.        ]]\n",
            "[[-0.17158146 -0.98516994  0.        ]\n",
            " [ 0.98516994 -0.17158146  0.        ]\n",
            " [ 0.          0.          1.        ]]\n",
            "[[-0.1810045  -0.98348227  0.        ]\n",
            " [ 0.98348227 -0.1810045   0.        ]\n",
            " [ 0.          0.          1.        ]]\n",
            "[[-0.19041095 -0.98170447  0.        ]\n",
            " [ 0.98170447 -0.19041095  0.        ]\n",
            " [ 0.          0.          1.        ]]\n",
            "[[-0.19979995 -0.97983671  0.        ]\n",
            " [ 0.97983671 -0.19979995  0.        ]\n",
            " [ 0.          0.          1.        ]]\n",
            "[[-0.20917064 -0.97787916  0.        ]\n",
            " [ 0.97787916 -0.20917064  0.        ]\n",
            " [ 0.          0.          1.        ]]\n",
            "[[-0.21852216 -0.97583199  0.        ]\n",
            " [ 0.97583199 -0.21852216  0.        ]\n",
            " [ 0.          0.          1.        ]]\n",
            "[[-0.22785365 -0.97369539  0.        ]\n",
            " [ 0.97369539 -0.22785365  0.        ]\n",
            " [ 0.          0.          1.        ]]\n",
            "[[-0.23716427 -0.97146956  0.        ]\n",
            " [ 0.97146956 -0.23716427  0.        ]\n",
            " [ 0.          0.          1.        ]]\n",
            "[[-0.24645315 -0.96915471  0.        ]\n",
            " [ 0.96915471 -0.24645315  0.        ]\n",
            " [ 0.          0.          1.        ]]\n",
            "[[-0.25571944 -0.96675104  0.        ]\n",
            " [ 0.96675104 -0.25571944  0.        ]\n",
            " [ 0.          0.          1.        ]]\n",
            "[[-0.2649623  -0.96425877  0.        ]\n",
            " [ 0.96425877 -0.2649623   0.        ]\n",
            " [ 0.          0.          1.        ]]\n",
            "[[-0.27418088 -0.96167814  0.        ]\n",
            " [ 0.96167814 -0.27418088  0.        ]\n",
            " [ 0.          0.          1.        ]]\n",
            "[[-0.28337433 -0.95900938  0.        ]\n",
            " [ 0.95900938 -0.28337433  0.        ]\n",
            " [ 0.          0.          1.        ]]\n",
            "[[-0.29254182 -0.95625273  0.        ]\n",
            " [ 0.95625273 -0.29254182  0.        ]\n",
            " [ 0.          0.          1.        ]]\n",
            "[[-0.30168249 -0.95340845  0.        ]\n",
            " [ 0.95340845 -0.30168249  0.        ]\n",
            " [ 0.          0.          1.        ]]\n",
            "[[-0.31079552 -0.9504768   0.        ]\n",
            " [ 0.9504768  -0.31079552  0.        ]\n",
            " [ 0.          0.          1.        ]]\n",
            "[[-0.31988006 -0.94745804  0.        ]\n",
            " [ 0.94745804 -0.31988006  0.        ]\n",
            " [ 0.          0.          1.        ]]\n",
            "[[-0.32893529 -0.94435246  0.        ]\n",
            " [ 0.94435246 -0.32893529  0.        ]\n",
            " [ 0.          0.          1.        ]]\n",
            "[[-0.33796038 -0.94116034  0.        ]\n",
            " [ 0.94116034 -0.33796038  0.        ]\n",
            " [ 0.          0.          1.        ]]\n",
            "[[-0.3469545  -0.93788196  0.        ]\n",
            " [ 0.93788196 -0.3469545   0.        ]\n",
            " [ 0.          0.          1.        ]]\n",
            "[[-0.35591682 -0.93451764  0.        ]\n",
            " [ 0.93451764 -0.35591682  0.        ]\n",
            " [ 0.          0.          1.        ]]\n",
            "[[-0.36484652 -0.93106768  0.        ]\n",
            " [ 0.93106768 -0.36484652  0.        ]\n",
            " [ 0.          0.          1.        ]]\n",
            "[[-0.37374279 -0.92753239  0.        ]\n",
            " [ 0.92753239 -0.37374279  0.        ]\n",
            " [ 0.          0.          1.        ]]\n",
            "[[-0.3826048 -0.9239121  0.       ]\n",
            " [ 0.9239121 -0.3826048  0.       ]\n",
